C5 0 0 / 0 0 0 0 0 0 / 0 0 0 1 -1 0 / 0 0 0 0 0 0 / 0 0 0 0 0 0
B4 0 0 / 0 0 0 0 0 0 / 1 0 0 -1 1 0 / 0 0 0 0 0 0 / 0 0 0 0 0 0
A4 0 0 / 0 0 0 0 1 0 / -1 0 0 0 0 0 / 0 0 0 0 0 0 / 0 0 0 0 0 0
G4 0 0 / 1 0 0 0 -1 0 / 0 0 0 0 0 0 / 1 0 0 0 -1 0 / 0 0 0 0 0 0
Fd4 0 0 / 0 0 0 0 0 0 / 0 0 0 0 0 0 / 0 0 0 0 1 0 / 0 0 0 0 1 0
E4 1 0 / -1 0 0 0 0 0 / 0 0 0 0 0 0 / 0 0 0 0 0 0 / 0 0 0 1 -1 0
D4 0 0 / 0 0 0 0 0 0 / 0 0 0 0 0 0 / 0 0 0 0 0 0 / 1 0 0 -1 0 0
B3 0 0 / 0 0 0 0 1 0 / -1 0 0 0 1 0 / 0 0 0 0 0 0 / 0 0 0 0 0 0
A3 0 0 / 0 0 0 0 0 0 / 0 0 0 0 0 0 / 0 0 0 0 1 0 / -1 0 0 0 1 0
G3 0 0 / 0 0 1 0 -1 0 / 0 0 1 0 -1 0 / 0 0 0 0 0 0 / 0 0 0 0 0 0
Fd3 0 0 / 0 0 0 0 0 0 / 0 0 0 0 0 0 / 0 0 1 0 -1 0 / 0 0 1 0 -1 0
E3 0 0 / 1 0 -1 0 0 0 / 1 0 -1 0 0 0 / 0 0 0 0 0 0 / 0 0 0 0 0 0 
D3 0 0 / 0 0 0 0 0 0 / 0 0 0 0 0 0 / 1 0 -1 0 0 0 / 1 0 -1 0 0 0




